State: -961.8488,-2368.296,-167.96875,100,3,229.86816,3.4028235E+38,0, Action: 1,0,0,0,0,0,0,0,0,0,0,0,0,0,0,0,0
State: 101.28288,-426.44916,-175.52332,100,2,0,1297.9642,0, Action: 0,0,0,1,0,0,0,0,0,0,0,0,0,0,0,0,0
State: -142.5971,-474.47437,-166.66022,100,2,0,1352.5518,0, Action: 0,0,0,1,0,0,0,0,0,0,0,0,0,0,0,0,0
State: -142.5971,-474.47437,-166.66022,100,2,0,1351.5249,0, Action: 0,0,0,1,0,0,0,0,0,0,0,0,0,0,0,0,0
State: 101.28288,-426.44916,-175.52332,100,2,0,1294.7739,0, Action: 0,0,0,1,0,0,0,0,0,0,0,0,0,0,0,0,0
State: -142.5971,-474.47437,-166.66022,100,2,0,1344.4132,0, Action: 0,0,0,1,0,0,0,0,0,0,0,0,0,0,0,0,0
State: 101.28288,-426.44916,-175.52332,100,2,0,1281.8237,0, Action: 0,0,0,1,0,0,0,0,0,0,0,0,0,0,0,0,0
State: 101.28288,-426.44916,-175.52332,100,2,0,1266.6879,0, Action: 0,0,0,1,0,0,0,0,0,0,0,0,0,0,0,0,0
State: -612.07086,-759.77374,-261.96875,71,3,0,3.4028235E+38,0, Action: 1,0,0,0,0,0,0,0,0,0,0,0,0,0,0,0,0
State: 101.28288,-426.44916,-175.52332,100,2,0,1230.091,0, Action: 0,0,0,1,0,0,0,0,0,0,0,0,0,0,0,0,0
State: -142.5971,-474.47437,-166.66022,100,2,0,1200.7205,0, Action: 0,0,0,1,0,0,0,0,0,0,0,0,0,0,0,0,0
State: -142.5971,-474.47437,-166.66022,100,2,0,1187.1742,0, Action: 0,0,0,1,0,0,0,0,0,0,0,0,0,0,0,0,0
State: -612.07086,-759.77374,-261.96875,19,3,0,3.4028235E+38,0, Action: 1,0,0,0,0,0,0,0,0,0,0,0,0,0,0,0,0
State: -142.5971,-474.47437,-166.66022,100,2,0,1173.6335,0, Action: 0,0,0,1,0,0,0,0,0,0,0,0,0,0,0,0,0
State: -617.04596,-774.61365,-261.96875,88,3,0,3.4028235E+38,0, Action: 1,0,0,0,0,0,0,0,0,0,0,0,0,0,0,0,0
State: 101.28288,-426.44916,-175.52332,100,2,0,1073.1969,0, Action: 0,0,0,1,0,0,0,0,0,0,0,0,0,0,0,0,0
State: -142.5971,-474.47437,-166.66022,100,2,0,1159.6858,0, Action: 0,0,0,1,0,0,0,0,0,0,0,0,0,0,0,0,0
State: -617.79254,-781.47266,-262.90015,88,3,0,3.4028235E+38,0, Action: 1,0,0,0,0,0,0,0,0,0,0,0,0,0,0,0,0
State: -614.9175,-766.6898,-261.96875,17,3,60.95293,3.4028235E+38,0, Action: 1,0,0,0,0,0,0,0,0,0,0,0,0,0,0,0,0
State: -142.5971,-474.47437,-166.66022,100,2,0,1145.432,0, Action: 0,0,0,1,0,0,0,0,0,0,0,0,0,0,0,0,0
State: 101.28288,-426.44916,-175.52332,100,2,0,1047.7095,0, Action: 0,0,0,1,0,0,0,0,0,0,0,0,0,0,0,0,0
State: -618.6223,-778.7159,-261.96875,82,3,47.505054,3.4028235E+38,0, Action: 1,0,0,0,0,0,0,0,0,0,0,0,0,0,0,0,0
State: -142.5971,-474.47437,-166.66022,100,2,0,1134.5424,0, Action: 0,0,0,1,0,0,0,0,0,0,0,0,0,0,0,0,0
State: -619.2113,-776.7486,-261.96875,70,3,41.84872,3.4028235E+38,0, Action: 1,0,0,0,0,0,0,0,0,0,0,0,0,0,0,0,0
State: -614.7941,-781.8994,-214.96875,88,3,76.795815,3.4028235E+38,0, Action: 0,0,0,1,0,0,0,0,0,0,0,0,0,0,0,0,0
State: -142.5971,-474.47437,-166.66022,100,2,0,1119.9818,0, Action: 0,0,0,1,0,0,0,0,0,0,0,0,0,0,0,0,0
State: -142.5971,-474.47437,-166.66022,100,2,0,1103.9944,0, Action: 0,0,0,1,0,0,0,0,0,0,0,0,0,0,0,0,0
State: -621.1793,-769.9972,-261.96875,19,3,50.9236,3.4028235E+38,0, Action: 1,0,0,0,0,0,0,0,0,0,0,0,0,0,0,0,0
State: -142.5971,-474.47437,-166.66022,100,2,0,1085.9243,0, Action: 0,0,0,1,0,0,0,0,0,0,0,0,0,0,0,0,0
State: -613.133,-787.27563,-215.78125,88,3,84.79912,3.4028235E+38,0, Action: 0,0,0,1,0,0,0,0,0,0,0,0,0,0,0,0,0
State: -610.9532,-788.9667,-231.92188,88,3,182.7575,3.4028235E+38,0, Action: 0,0,0,1,0,0,0,0,0,0,0,0,0,0,0,0,0
State: 101.28288,-426.44916,-175.52332,100,2,0,962.2852,0, Action: 0,0,0,1,0,0,0,0,0,0,0,0,0,0,0,0,0
State: 101.28288,-426.44916,-175.52332,100,2,0,962.25586,0, Action: 0,0,0,1,0,0,0,0,0,0,0,0,0,0,0,0,0
State: -596.71936,-788.96484,-210.46875,88,3,37.50393,3.4028235E+38,0, Action: 0,0,0,1,0,0,0,0,0,0,0,0,0,0,0,0,0
State: -595.688,-788.96826,-215.375,88,3,100.48379,3.4028235E+38,0, Action: 0,0,0,1,0,0,0,0,0,0,0,0,0,0,0,0,0
State: -668.09064,-919.72565,-224.10223,17,3,176.34262,3.4028235E+38,0, Action: 0,0,0,1,0,0,0,0,0,0,0,0,0,0,0,0,0
State: -677.9552,-952.90155,-215.96875,17,3,194.32819,3.4028235E+38,0, Action: 0,0,0,1,0,0,0,0,0,0,0,0,0,0,0,0,0
State: -701.52344,-990.84717,-215.96875,17,3,209.49033,3.4028235E+38,0, Action: 0,0,0,1,0,0,0,0,0,0,0,0,0,0,0,0,0
State: -589.7893,-788.9678,-217.32812,88,3,107.05894,3.4028235E+38,0, Action: 0,0,0,1,0,0,0,0,0,0,0,0,0,0,0,0,0
State: -578.3485,-746.6737,-261.96875,19,3,0,3.4028235E+38,0, Action: 0,0,0,1,0,0,0,0,0,0,0,0,0,0,0,0,0
State: 101.28288,-426.44916,-175.52332,100,2,0,1113.1185,0, Action: 0,0,0,1,0,0,0,0,0,0,0,0,0,0,0,0,0
State: 101.28288,-426.44916,-175.52332,100,2,0,1136.3175,0, Action: 0,0,0,1,0,0,0,0,0,0,0,0,0,0,0,0,0
State: -578.3485,-746.6737,-261.96875,19,3,0,3.4028235E+38,0, Action: 0,0,0,1,0,0,0,0,0,0,0,0,0,0,0,0,0
State: -142.5971,-474.47437,-166.66022,89,2,0,1251.6676,0, Action: 1,0,0,0,0,0,0,0,0,0,0,0,0,0,0,0,0
State: -142.5971,-474.47437,-166.66022,78,2,0,1251.6676,0, Action: 1,0,0,0,0,0,0,0,0,0,0,0,0,0,0,0,0
State: -142.5971,-474.47437,-166.66022,34,2,0,1251.6676,0, Action: 1,0,0,0,0,0,0,0,0,0,0,0,0,0,0,0,0
State: -142.5971,-474.47437,-166.66022,23,2,0,1251.6676,0, Action: 1,0,0,0,0,0,0,0,0,0,0,0,0,0,0,0,0
State: 100.88808,-427.77875,-175.59206,100,2,41.130463,1192.683,0, Action: 0,0,0,1,0,0,0,0,0,0,0,0,0,0,0,0,0
State: 97.62283,-438.71127,-176.15492,100,2,126.06899,1196.2874,0, Action: 0,0,0,1,0,0,0,0,0,0,0,0,0,0,0,0,0
State: -578.3485,-746.6737,-261.96875,19,3,0,3.4028235E+38,0, Action: 0,0,0,1,0,0,0,0,0,0,0,0,0,0,0,0,0
State: 92.80514,-454.70184,-176.3132,100,2,169.04095,1190.8116,0, Action: 0,0,0,1,0,0,0,0,0,0,0,0,0,0,0,0,0
State: -578.3485,-746.6737,-261.96875,19,3,0,3.4028235E+38,0, Action: 0,0,0,1,0,0,0,0,0,0,0,0,0,0,0,0,0
State: 20.028252,-557.41315,-186.87106,100,2,206.85374,1127.6885,0, Action: 0,0,0,1,0,0,0,0,0,0,0,0,0,0,0,0,0
State: -578.3485,-746.6737,-261.96875,19,3,0,3.4028235E+38,0, Action: 0,0,0,1,0,0,0,0,0,0,0,0,0,0,0,0,0
State: -578.3485,-746.6737,-261.96875,19,3,0,3.4028235E+38,0, Action: 0,0,0,1,0,0,0,0,0,0,0,0,0,0,0,0,0
State: -85.547264,-594.27246,-214.74481,100,2,198.22845,1070.7173,0, Action: 0,0,0,1,0,0,0,0,0,0,0,0,0,0,0,0,0
State: -598.11176,-788.96826,-216.67188,88,3,114.35574,3.4028235E+38,0, Action: 0,0,0,1,0,0,0,0,0,0,0,0,0,0,0,0,0
State: -578.3485,-746.6737,-261.96875,19,3,0,3.4028235E+38,0, Action: 0,0,0,1,0,0,0,0,0,0,0,0,0,0,0,0,0
State: -494.36047,-646.5731,-273.7195,100,2,210,1091.1854,0, Action: 0,0,0,1,0,0,0,0,0,0,0,0,0,0,0,0,0
State: -520.4638,-649.3355,-273.41162,100,2,210,1089.9098,0, Action: 0,0,0,1,0,0,0,0,0,0,0,0,0,0,0,0,0
State: -543.34753,-651.3081,-273.28604,100,2,209.99998,1092.2058,0, Action: 0,0,0,1,0,0,0,0,0,0,0,0,0,0,0,0,0
State: -481.1515,-717.31744,-264.9466,19,3,0,3.4028235E+38,0, Action: 0,0,0,1,0,0,0,0,0,0,0,0,0,0,0,0,0
State: -481.1515,-717.31744,-264.9466,19,3,0,3.4028235E+38,0, Action: 0,0,0,1,0,0,0,0,0,0,0,0,0,0,0,0,0
State: -803.68665,-649.1378,-265.40552,76,2,204.81062,1065.6653,0, Action: 1,0,0,0,0,0,0,0,0,0,0,0,0,0,0,0,0
State: -618.3652,-1067.3253,-198.3024,88,3,214.04271,3.4028235E+38,0, Action: 0,0,0,1,0,0,0,0,0,0,0,0,0,0,0,0,0
State: -481.1515,-717.31744,-264.9466,19,3,0,3.4028235E+38,0, Action: 0,0,0,1,0,0,0,0,0,0,0,0,0,0,0,0,0
State: -481.1515,-717.31744,-264.9466,19,3,0,3.4028235E+38,0, Action: 0,0,0,1,0,0,0,0,0,0,0,0,0,0,0,0,0
State: -481.1515,-717.31744,-264.9466,19,3,0,3.4028235E+38,0, Action: 0,0,0,1,0,0,0,0,0,0,0,0,0,0,0,0,0
State: -906.366,-625.4853,-263.96875,56,2,142.67897,974.4816,0, Action: 1,0,0,0,0,0,0,0,0,0,0,0,0,0,0,0,0
State: -481.1515,-717.31744,-264.9466,19,3,0,3.4028235E+38,0, Action: 0,0,0,1,0,0,0,0,0,0,0,0,0,0,0,0,0
State: -930.52167,-617.1326,-263.96875,36,2,76.25439,915.9913,0, Action: 1,0,0,0,0,0,0,0,0,0,0,0,0,0,0,0,0
State: -481.1515,-717.31744,-264.9466,19,3,0,3.4028235E+38,0, Action: 0,0,0,1,0,0,0,0,0,0,0,0,0,0,0,0,0
State: -481.1515,-717.31744,-264.9466,19,3,0,3.4028235E+38,0, Action: 0,0,0,1,0,0,0,0,0,0,0,0,0,0,0,0,0
State: -958.1984,-602.5322,-267.5387,16,2,80.72644,830.5768,0, Action: 1,0,0,0,0,0,0,0,0,0,0,0,0,0,0,0,0
State: -960.2819,-599.2332,-269.0319,16,2,84.66394,827.8039,0, Action: 0,0,0,1,0,0,0,0,0,0,0,0,0,0,0,0,0
State: -618.2146,-828.6396,-263.96875,0,3,0,3.4028235E+38,0, Action: 1,0,0,0,0,0,0,0,0,0,0,0,0,0,0,0,0
State: -618.2146,-828.6396,-263.96875,0,3,0,3.4028235E+38,0, Action: 1,0,0,0,0,0,0,0,0,0,0,0,0,0,0,0,0
State: -960.2819,-599.2332,-269.0319,16,2,84.66394,827.8039,0, Action: 1,0,0,0,0,0,0,0,0,0,0,0,0,0,0,0,0
State: -962.165,-593.849,-270.86197,16,2,53.163967,807.22754,0, Action: 0,0,0,1,0,0,0,0,0,0,0,0,0,0,0,0,0
State: -963.5688,-587.6165,-272.66998,16,2,62.35146,791.3443,0, Action: 0,0,0,1,0,0,0,0,0,0,0,0,0,0,0,0,0
State: -481.1515,-717.31744,-264.9466,19,3,0,3.4028235E+38,0, Action: 0,0,0,1,0,0,0,0,0,0,0,0,0,0,0,0,0
State: -965.0028,-580.36304,-274.69427,16,2,71.53895,776.97034,0, Action: 0,0,0,1,0,0,0,0,0,0,0,0,0,0,0,0,0
State: -481.1515,-717.31744,-264.9466,19,3,0,3.4028235E+38,0, Action: 0,0,0,1,0,0,0,0,0,0,0,0,0,0,0,0,0
State: -481.1515,-717.31744,-264.9466,19,3,0,3.4028235E+38,0, Action: 0,0,0,1,0,0,0,0,0,0,0,0,0,0,0,0,0
State: -481.1515,-717.31744,-264.9466,19,3,0,3.4028235E+38,0, Action: 0,0,0,1,0,0,0,0,0,0,0,0,0,0,0,0,0
State: -991.09937,-531.71686,-287.96875,0,2,122.72649,724.2075,0, Action: 1,0,0,0,0,0,0,0,0,0,0,0,0,0,0,0,0
State: -991.09937,-531.71686,-287.96875,0,2,122.72649,724.2075,0, Action: 1,0,0,0,0,0,0,0,0,0,0,0,0,0,0,0,0
State: -481.1515,-717.31744,-264.9466,19,3,0,3.4028235E+38,0, Action: 1,0,0,0,0,0,0,0,0,0,0,0,0,0,0,0,0
State: -481.1515,-717.31744,-264.9466,19,3,0,3.4028235E+38,0, Action: 0,0,0,1,0,0,0,0,0,0,0,0,0,0,0,0,0
State: -1011.5218,342.2611,-367.96875,76,2,0,568.085,0, Action: 1,0,0,0,0,0,0,0,0,0,0,0,0,0,0,0,0
State: -1011.5218,342.2611,-367.96875,46,2,0,568.09174,0, Action: 1,0,0,0,0,0,0,0,0,0,0,0,0,0,0,0,0
State: -1011.5218,342.2611,-367.96875,46,2,0,568.09174,0, Action: 0,0,0,1,0,0,0,0,0,0,0,0,0,0,0,0,0
State: -1011.5218,342.2611,-367.96875,46,2,0,568.09174,0, Action: 0,0,0,1,0,0,0,0,0,0,0,0,0,0,0,0,0
State: -1011.5218,342.2611,-367.96875,22,2,0,568.09174,0, Action: 1,0,0,0,0,0,0,0,0,0,0,0,0,0,0,0,0
State: -1011.5218,342.2611,-367.96875,22,2,0,568.09174,0, Action: 0,0,0,1,0,0,0,0,0,0,0,0,0,0,0,0,0
State: -1011.5218,342.2611,-367.96875,0,2,0,568.09174,0, Action: 1,0,0,0,0,0,0,0,0,0,0,0,0,0,0,0,0
State: -1011.5218,342.2611,-367.96875,0,2,0,568.09174,0, Action: 1,0,0,0,0,0,0,0,0,0,0,0,0,0,0,0,0
State: -2042.1157,233.00996,-159.96875,23,2,0,1498.3683,1, Action: 1,0,0,0,0,0,0,0,0,0,0,0,0,0,0,0,0
State: -1551.8302,262.91403,-168.45583,0,2,211.2888,460.17514,1, Action: 1,0,0,0,0,0,0,0,0,0,0,0,0,0,0,0,0
State: -1551.8302,262.91403,-168.45583,0,2,211.2888,460.17514,1, Action: 1,0,0,0,0,0,0,0,0,0,0,0,0,0,0,0,0
State: -1199.3539,-1229.8069,-167.96875,88,3,210.7325,3.4028235E+38,1, Action: 0,0,0,1,0,0,0,0,0,0,0,0,0,0,0,0,0
State: -1203.4927,-1210.5216,-167.96875,88,3,212.34529,3.4028235E+38,1, Action: 0,0,0,1,0,0,0,0,0,0,0,0,0,0,0,0,0
State: -1210.6523,-1191.5918,-167.96875,88,3,218.58194,3.4028235E+38,1, Action: 0,0,0,1,0,0,0,0,0,0,0,0,0,0,0,0,0
State: -802.29877,-574.5306,-263.4599,100,2,0,1748.2377,1, Action: 0,0,0,1,0,0,0,0,0,0,0,0,0,0,0,0,0
State: -110.85132,-570.6125,-214.99396,19,3,0,3.4028235E+38,1, Action: 0,0,0,1,0,0,0,0,0,0,0,0,0,0,0,0,0
State: -802.29877,-574.5306,-263.4599,100,2,0,1721.2838,1, Action: 0,0,0,0,1,0,0,0,0,0,0,0,0,0,0,0,0
State: -216.11304,-655.22046,-244.54045,19,3,228.69691,3.4028235E+38,1, Action: 0,0,0,1,0,0,0,0,0,0,0,0,0,0,0,0,0
State: -320.02856,-660.4046,-263.46396,19,3,240,3.4028235E+38,1, Action: 0,0,0,1,0,0,0,0,0,0,0,0,0,0,0,0,0
State: -335.021,-660.868,-265.9425,18,3,240.00002,3.4028235E+38,1, Action: 1,0,0,0,0,0,0,0,0,0,0,0,0,0,0,0,0
State: -826.75507,-751.9663,-261.96875,100,2,0,1602.0594,1, Action: 0,0,0,1,0,0,0,0,0,0,0,0,0,0,0,0,0
State: -378.3191,-642.3771,-271.30823,18,3,196.63573,3.4028235E+38,1, Action: 0,0,0,1,0,0,0,0,0,0,0,0,0,0,0,0,0
State: -389.6612,-622.6142,-272.42896,0,3,217.3354,3.4028235E+38,1, Action: 1,0,0,0,0,0,0,0,0,0,0,0,0,0,0,0,0
State: -389.6612,-622.6142,-272.42896,0,3,217.3354,3.4028235E+38,1, Action: 1,0,0,0,0,0,0,0,0,0,0,0,0,0,0,0,0
State: -826.75507,-751.9663,-261.96875,100,2,0,1602.0594,1, Action: 1,0,0,0,0,0,0,0,0,0,0,0,0,0,0,0,0
State: -826.75507,-751.9663,-261.96875,100,2,0,1602.0594,1, Action: 0,0,0,1,0,0,0,0,0,0,0,0,0,0,0,0,0
State: -885.1165,-145.11078,-167.99872,100,3,0,3.4028235E+38,1, Action: 0,0,0,1,0,0,0,0,0,0,0,0,0,0,0,0,0
State: -613.7908,-924.3015,-221.8143,28,2,123.53729,1873.7778,1, Action: 1,0,0,0,0,0,0,0,0,0,0,0,0,0,0,0,0
State: -1550.467,-857.22974,-165.96875,88,3,215.07584,3.4028235E+38,1, Action: 1,0,0,0,0,0,0,0,0,0,0,0,0,0,0,0,0
State: -635.2745,-810.4238,-263.96875,28,2,180.9291,1788.3866,1, Action: 1,0,0,0,0,0,0,0,0,0,0,0,0,0,0,0,0
State: -885.1165,-145.11078,-167.99872,100,3,0,3.4028235E+38,1, Action: 1,0,0,0,0,0,0,0,0,0,0,0,0,0,0,0,0
